# Blender v2.92.0 OBJ File: 'spinspread.blend'
# www.blender.org
mtllib seer.mtl
o Cube
v 1.396874 3.972907 -0.689806
v -0.017337 2.558693 -0.692734
v 5.639505 -0.269734 -0.681022
v 4.225295 -1.683948 -0.683950
v 1.392733 3.972907 1.310189
v -0.021477 2.558693 1.307261
v 5.635365 -0.269734 1.318974
v 4.221154 -1.683948 1.316046
vt 0.625000 0.500000
vt 0.875000 0.500000
vt 0.875000 0.750000
vt 0.625000 0.750000
vt 0.375000 0.750000
vt 0.625000 1.000000
vt 0.375000 1.000000
vt 0.375000 0.000000
vt 0.625000 0.000000
vt 0.625000 0.250000
vt 0.375000 0.250000
vt 0.125000 0.500000
vt 0.375000 0.500000
vt 0.125000 0.750000
vn 0.7071 0.7071 0.0015
vn 0.7071 -0.7071 0.0015
vn -0.0021 0.0000 1.0000
vn -0.7071 -0.7071 -0.0015
vn 0.0021 -0.0000 -1.0000
vn -0.7071 0.7071 -0.0015
usemtl Material
s off
f 1/1/1 5/2/1 7/3/1 3/4/1
f 4/5/2 3/4/2 7/6/2 8/7/2
f 8/8/3 7/9/3 5/10/3 6/11/3
f 6/12/4 2/13/4 4/5/4 8/14/4
f 2/13/5 1/1/5 3/4/5 4/5/5
f 6/11/6 5/10/6 1/1/6 2/13/6
o Cube.001_Cube.004
v -0.006486 5.414214 -0.692712
v -1.420697 4.000000 -0.695640
v 1.407724 4.000000 -0.689784
v -0.006487 2.585786 -0.692712
v -0.010627 5.414214 1.307284
v -1.424838 4.000000 1.304356
v 1.403583 4.000000 1.310212
v -0.010628 2.585786 1.307284
vt 0.625000 0.500000
vt 0.875000 0.500000
vt 0.875000 0.750000
vt 0.625000 0.750000
vt 0.375000 0.750000
vt 0.625000 1.000000
vt 0.375000 1.000000
vt 0.375000 0.000000
vt 0.625000 0.000000
vt 0.625000 0.250000
vt 0.375000 0.250000
vt 0.125000 0.500000
vt 0.375000 0.500000
vt 0.125000 0.750000
vn 0.7071 0.7071 0.0015
vn 0.7071 -0.7071 0.0015
vn -0.0021 -0.0000 1.0000
vn -0.7071 -0.7071 -0.0015
vn 0.0021 -0.0000 -1.0000
vn -0.7071 0.7071 -0.0015
usemtl Material
s off
f 9/15/7 13/16/7 15/17/7 11/18/7
f 12/19/8 11/18/8 15/20/8 16/21/8
f 16/22/9 15/23/9 13/24/9 14/25/9
f 14/26/10 10/27/10 12/19/10 16/28/10
f 10/27/11 9/15/11 11/18/11 12/19/11
f 14/25/12 13/24/12 9/15/12 10/27/12
o Cube.002_Cube.005
v -5.652482 -0.269734 -0.704402
v -4.238271 -1.683948 -0.701474
v -1.409850 3.972907 -0.695618
v 0.004361 2.558693 -0.692690
v -5.656622 -0.269734 1.295593
v -4.242412 -1.683948 1.298522
v -1.413991 3.972907 1.304378
v 0.000220 2.558693 1.307306
vt 0.625000 0.500000
vt 0.875000 0.500000
vt 0.875000 0.750000
vt 0.625000 0.750000
vt 0.375000 0.750000
vt 0.625000 1.000000
vt 0.375000 1.000000
vt 0.375000 0.000000
vt 0.625000 0.000000
vt 0.625000 0.250000
vt 0.375000 0.250000
vt 0.125000 0.500000
vt 0.375000 0.500000
vt 0.125000 0.750000
vn -0.7071 0.7071 -0.0015
vn 0.7071 0.7071 0.0015
vn -0.0021 -0.0000 1.0000
vn 0.7071 -0.7071 0.0015
vn 0.0021 0.0000 -1.0000
vn -0.7071 -0.7071 -0.0015
usemtl Material
s off
f 17/29/13 21/30/13 23/31/13 19/32/13
f 20/33/14 19/32/14 23/34/14 24/35/14
f 24/36/15 23/37/15 21/38/15 22/39/15
f 22/40/16 18/41/16 20/33/16 24/42/16
f 18/41/17 17/29/17 19/32/17 20/33/17
f 22/39/18 21/38/18 17/29/18 18/41/18
o Cube.004_Cube.007
v 0.798144 -3.646147 0.608958
v 0.373881 -3.221884 0.608079
v 3.626565 -0.817720 0.614812
v 3.202302 -0.393456 0.613933
v 0.799387 -3.646148 0.008959
v 0.375124 -3.221884 0.008080
v 3.627808 -0.817721 0.014813
v 3.203545 -0.393457 0.013934
vt 0.625000 0.500000
vt 0.875000 0.500000
vt 0.875000 0.750000
vt 0.625000 0.750000
vt 0.375000 0.750000
vt 0.625000 1.000000
vt 0.375000 1.000000
vt 0.375000 0.000000
vt 0.625000 0.000000
vt 0.625000 0.250000
vt 0.375000 0.250000
vt 0.125000 0.500000
vt 0.375000 0.500000
vt 0.125000 0.750000
vn 0.7071 -0.7071 0.0015
vn 0.7071 0.7071 0.0015
vn 0.0021 -0.0000 -1.0000
vn -0.7071 0.7071 -0.0015
vn -0.0021 0.0000 1.0000
vn -0.7071 -0.7071 -0.0015
usemtl Material
s off
f 25/43/19 29/44/19 31/45/19 27/46/19
f 28/47/20 27/46/20 31/48/20 32/49/20
f 32/50/21 31/51/21 29/52/21 30/53/21
f 30/54/22 26/55/22 28/47/22 32/56/22
f 26/55/23 25/43/23 27/46/23 28/47/23
f 30/53/24 29/52/24 25/43/24 26/55/24
o Cube.005_Cube.008
v -0.006486 -2.585786 -0.692712
v -1.420697 -4.000000 -0.695640
v 1.407724 -4.000000 -0.689784
v -0.006487 -5.414214 -0.692712
v -0.010627 -2.585786 1.307284
v -1.424838 -4.000000 1.304356
v 1.403583 -4.000000 1.310212
v -0.010628 -5.414214 1.307284
vt 0.625000 0.500000
vt 0.875000 0.500000
vt 0.875000 0.750000
vt 0.625000 0.750000
vt 0.375000 0.750000
vt 0.625000 1.000000
vt 0.375000 1.000000
vt 0.375000 0.000000
vt 0.625000 0.000000
vt 0.625000 0.250000
vt 0.375000 0.250000
vt 0.125000 0.500000
vt 0.375000 0.500000
vt 0.125000 0.750000
vn 0.7071 0.7071 0.0015
vn 0.7071 -0.7071 0.0015
vn -0.0021 -0.0000 1.0000
vn -0.7071 -0.7071 -0.0015
vn 0.0021 -0.0000 -1.0000
vn -0.7071 0.7071 -0.0015
usemtl Material
s off
f 33/57/25 37/58/25 39/59/25 35/60/25
f 36/61/26 35/60/26 39/62/26 40/63/26
f 40/64/27 39/65/27 37/66/27 38/67/27
f 38/68/28 34/69/28 36/61/28 40/70/28
f 34/69/29 33/57/29 35/60/29 36/61/29
f 38/67/30 37/66/30 33/57/30 34/69/30
o Cube.003_Cube.009
v -3.644926 -0.817720 0.599756
v -3.220663 -0.393456 0.600634
v -0.816505 -3.646147 0.605615
v -0.392242 -3.221884 0.606493
v -3.643683 -0.817721 -0.000243
v -3.219420 -0.393457 0.000636
v -0.815262 -3.646148 0.005616
v -0.390999 -3.221884 0.006494
vt 0.625000 0.500000
vt 0.875000 0.500000
vt 0.875000 0.750000
vt 0.625000 0.750000
vt 0.375000 0.750000
vt 0.625000 1.000000
vt 0.375000 1.000000
vt 0.375000 0.000000
vt 0.625000 0.000000
vt 0.625000 0.250000
vt 0.375000 0.250000
vt 0.125000 0.500000
vt 0.375000 0.500000
vt 0.125000 0.750000
vn -0.7071 -0.7071 -0.0015
vn 0.7071 -0.7071 0.0015
vn 0.0021 -0.0000 -1.0000
vn 0.7071 0.7071 0.0015
vn -0.0021 0.0000 1.0000
vn -0.7071 0.7071 -0.0015
usemtl Material
s off
f 41/71/31 45/72/31 47/73/31 43/74/31
f 44/75/32 43/74/32 47/76/32 48/77/32
f 48/78/33 47/79/33 45/80/33 46/81/33
f 46/82/34 42/83/34 44/75/34 48/84/34
f 42/83/35 41/71/35 43/74/35 44/75/35
f 46/81/36 45/80/36 41/71/36 42/83/36
o Cube.006_Cube.010
v -0.708038 -0.346447 0.055837
v -1.061591 -0.700000 0.055105
v -0.354485 -0.700000 0.056569
v -0.708038 -1.053553 0.055837
v -0.709073 -0.346447 0.555836
v -1.062626 -0.700000 0.555104
v -0.355521 -0.700000 0.556568
v -0.709073 -1.053553 0.555836
vt 0.625000 0.500000
vt 0.875000 0.500000
vt 0.875000 0.750000
vt 0.625000 0.750000
vt 0.375000 0.750000
vt 0.625000 1.000000
vt 0.375000 1.000000
vt 0.375000 0.000000
vt 0.625000 0.000000
vt 0.625000 0.250000
vt 0.375000 0.250000
vt 0.125000 0.500000
vt 0.375000 0.500000
vt 0.125000 0.750000
vn 0.7071 0.7071 0.0015
vn 0.7071 -0.7071 0.0015
vn -0.0021 0.0000 1.0000
vn -0.7071 -0.7071 -0.0015
vn 0.0021 0.0000 -1.0000
vn -0.7071 0.7071 -0.0015
usemtl Material
s off
f 49/85/37 53/86/37 55/87/37 51/88/37
f 52/89/38 51/88/38 55/90/38 56/91/38
f 56/92/39 55/93/39 53/94/39 54/95/39
f 54/96/40 50/97/40 52/89/40 56/98/40
f 50/97/41 49/85/41 51/88/41 52/89/41
f 54/95/42 53/94/42 49/85/42 50/97/42
o Cube.007_Cube.011
v 0.691959 -0.346447 0.058736
v 0.338406 -0.700000 0.058004
v 1.045511 -0.700000 0.059468
v 0.691959 -1.053553 0.058736
v 0.690924 -0.346447 0.558734
v 0.337371 -0.700000 0.558002
v 1.044476 -0.700000 0.559466
v 0.690924 -1.053553 0.558734
vt 0.625000 0.500000
vt 0.875000 0.500000
vt 0.875000 0.750000
vt 0.625000 0.750000
vt 0.375000 0.750000
vt 0.625000 1.000000
vt 0.375000 1.000000
vt 0.375000 0.000000
vt 0.625000 0.000000
vt 0.625000 0.250000
vt 0.375000 0.250000
vt 0.125000 0.500000
vt 0.375000 0.500000
vt 0.125000 0.750000
vn 0.7071 0.7071 0.0015
vn 0.7071 -0.7071 0.0015
vn -0.0021 0.0000 1.0000
vn -0.7071 -0.7071 -0.0015
vn 0.0021 0.0000 -1.0000
vn -0.7071 0.7071 -0.0015
usemtl Material
s off
f 57/99/43 61/100/43 63/101/43 59/102/43
f 60/103/44 59/102/44 63/104/44 64/105/44
f 64/106/45 63/107/45 61/108/45 62/109/45
f 62/110/46 58/111/46 60/103/46 64/112/46
f 58/111/47 57/99/47 59/102/47 60/103/47
f 62/109/48 61/108/48 57/99/48 58/111/48
o Cube.008_Cube.012
v -0.008039 1.053553 0.057286
v -0.361592 0.700000 0.056554
v 0.345513 0.700000 0.058018
v -0.008040 0.346447 0.057286
v -0.009075 1.053553 0.557285
v -0.362627 0.700000 0.556553
v 0.344478 0.700000 0.558017
v -0.009075 0.346447 0.557285
vt 0.625000 0.500000
vt 0.875000 0.500000
vt 0.875000 0.750000
vt 0.625000 0.750000
vt 0.375000 0.750000
vt 0.625000 1.000000
vt 0.375000 1.000000
vt 0.375000 0.000000
vt 0.625000 0.000000
vt 0.625000 0.250000
vt 0.375000 0.250000
vt 0.125000 0.500000
vt 0.375000 0.500000
vt 0.125000 0.750000
vn 0.7071 0.7071 0.0015
vn 0.7071 -0.7071 0.0015
vn -0.0021 0.0000 1.0000
vn -0.7071 -0.7071 -0.0015
vn 0.0021 0.0000 -1.0000
vn -0.7071 0.7071 -0.0015
usemtl Material
s off
f 65/113/49 69/114/49 71/115/49 67/116/49
f 68/117/50 67/116/50 71/118/50 72/119/50
f 72/120/51 71/121/51 69/122/51 70/123/51
f 70/124/52 66/125/52 68/117/52 72/126/52
f 66/125/53 65/113/53 67/116/53 68/117/53
f 70/123/54 69/122/54 65/113/54 66/125/54
